,Alexandre’s Bar,Amarelim do Prado,Andrade’s Beer,Arcos Bar,Armazém Santa Amélia,Avalanche Espeteria,Azougue Fogo e Bar,Baiuca,Bar Bambú,Bar Bendita Baderna,Bar da Cíntia,Bar da Fia,Bar da Lu,Bar da Silvânia,Bar do Bartolomeu,Bar do Bem,Bar do Kim,Bar do Nelson,Bar do Primo,Bar do Regis,Bar do Romeu,Bar dos Meninos,Bar Du Du,Bar e Restaurante Bom Sabor,Bar e Restaurante do Joãozinho,Bar Estabelecimento,Bar Junto Juntinho,Bar Mania Mineira,Bar Pompéu,Bar Stella,Bar Temático Sta. Teresa,Barrigudinha Buteco,Barzim dos amigos,Bazin Bar,Beco Restaurante,Benjamin Bar,Boteco 86,Botequim Buritis,Botequim de Lourdes,Buteco do Lili,Buteco do Rod,Buteco Tô D’Boa,Buteco’s Bar,Butiquim On Cê Tá?,Café Bahia,Café Palhares,Camisola Bar,Canela Amarela,Cantina Arte Quintal,Cantinho da Baiana,Casa da Madrinha,Cervejaria Pajé,Chapa Mágica,Choperia América Norte Sul,Chopp da Esquina,Companhia do Dino,Conectados Bar,COSMOS,Deck Boi na Brasa,Dona Dora,Dona Ju Gastro Bar,Dona Suica,Ember BBQ,Espetinho do Boi,Espetinhos do Paulão,Espettinho.com,Fogão de Minas,Garagge Vintage,Geraldin da Cida,Golden Grill,Iracema Bar,Ivo Grill,Já To Inno,Juzé Bar,Köbes Emporium Bar,Koqueiros Bar,Lá Ele Bar,Leo da Quadra,Locomotiva’s Bar,Magnífico Quintal,Magrelo’s Bar,Mamute Bar,Marina’s Bar,Mineiros Beer,Mulão,Nosso Spetim,O Fino do Alho,Oratório Bar,Parada 10.95 Bar,Parada do Sabor,Pé de Cana,Pé de Goiaba,Planeta Lúpulo,PoiZé Bar e Petisqueira,Prado Beer,Prosa Boa,Quinteiro Bar e Restaurante,Quioxque Botequim Carioca,Quitandas da Tia Nice Bar,Rancho do Manoel,Recanto Vovó Tela,Regis Bar,Rei do Peixe,Resenha da Naty,Restaurante Jorge Americano,S.O.S PUB,Santa Boemia,Santuário Retrô,Seu Braz,Silvio’s Bar,Sinhá Erozitha Bistrôteco,Sô Bar,Spetim,Tanganica Art Bar,The Butcher,Toca do Ogro,Toninho – Alto Forno,Tropeiro do Lisboa,Us Motoca,Xambar,Xico da Kafua,Xico do Churrasco,Zé Bolacha,Zoo Bar
Alexandre’s Bar,0.0,12.517,10.606,10.15,7.783,4.372,12.112,11.188,14.485,9.113,5.356,4.916,5.471,16.286,24.465,13.425,16.59,9.557,15.704,15.764,3.411,14.649,11.674,16.852,19.956,12.869,12.155,11.125,3.689,2.731,9.032,13.342,15.335,3.701,9.453,11.027,11.173,21.953,10.599,3.757,11.111,5.027,4.349,3.965,9.161,9.161,10.024,14.923,11.451,9.041,10.664,17.786,4.545,18.074,15.212,4.547,12.155,7.871,7.764,9.161,15.965,4.034,12.869,19.956,9.047,21.699,0.999,2.791,14.529,23.304,9.032,8.926,11.027,4.349,9.596,10.202,1.35,21.25,9.557,7.783,14.477,10.756,10.606,8.736,11.236,4.275,4.275,11.396,13.342,2.791,12.112,15.704,7.783,12.112,12.155,2.791,9.982,19.543,10.202,3.689,6.097,10.606,4.034,11.451,9.474,17.786,10.078,10.606,3.491,11.674,10.202,8.736,9.113,13.2,13.2,9.557,9.474,5.356,16.286,9.474,13.425,8.736,3.878,8.645
Amarelim do Prado,12.517,0.0,2.325,3.875,15.846,15.047,4.128,4.18,9.543,7.795,16.031,15.591,16.147,10.898,15.367,9.816,8.817,9.998,6.544,6.628,14.086,9.708,5.642,5.45,12.183,5.04,1.24,1.737,14.44,13.406,3.08,10.663,6.211,10.127,3.52,7.481,9.134,7.427,2.865,10.182,8.423,15.702,15.024,14.64,3.81,3.81,6.84,1.507,8.763,10.389,1.504,12.398,15.221,12.686,5.961,13.516,1.24,9.528,13.121,3.81,21.086,14.709,5.04,12.183,3.427,7.173,10.9,11.743,2.154,14.207,3.08,3.575,7.481,15.024,6.117,6.857,10.313,12.502,9.998,15.846,11.789,4.299,2.325,11.98,8.548,14.95,14.95,4.156,10.663,11.743,4.128,6.544,15.846,4.128,1.24,11.743,6.467,11.769,6.857,14.44,18.315,2.325,14.709,8.763,2.556,12.398,6.599,2.325,14.167,5.642,6.857,11.98,7.795,6.158,6.158,9.998,2.556,16.031,10.898,2.556,9.816,11.98,13.124,13.655
Andrade’s Beer,10.606,2.325,0.0,1.781,14.956,13.141,2.622,2.466,11.118,5.888,14.125,13.685,14.24,12.473,17.459,11.39,10.909,8.092,8.636,8.721,12.18,11.283,3.317,7.542,14.275,3.534,3.083,1.849,12.533,11.5,1.095,12.238,8.303,8.22,1.195,9.245,9.391,13.298,0.999,8.276,8.68,13.796,13.118,12.734,1.485,1.485,4.934,3.625,9.02,8.482,1.745,13.973,13.314,14.261,8.053,11.61,3.083,7.622,12.231,1.485,19.18,12.803,3.534,14.275,0.978,13.044,8.993,10.575,5.57,16.299,1.095,1.25,9.245,13.118,4.21,4.951,8.406,14.594,8.092,14.956,12.046,2.2,0.0,13.203,8.805,13.044,13.044,2.062,12.238,10.575,2.622,8.636,14.956,2.622,3.083,10.575,4.56,13.861,4.951,12.533,16.408,0.0,12.803,9.02,0.231,13.973,4.692,0.0,12.26,3.317,4.951,13.203,5.888,7.733,7.733,8.092,0.231,14.125,12.473,0.231,11.39,13.203,9.926,12.766
Arcos Bar,10.15,3.875,1.781,0.0,17.429,14.018,2.095,1.299,13.836,5.328,15.002,14.562,15.118,15.19,22.144,14.108,18.225,7.555,10.167,16.466,13.058,14.0,2.712,11.84,17.796,2.98,4.614,3.273,13.469,12.378,4.133,14.955,16.946,9.098,1.846,14.842,14.987,12.571,2.422,9.154,14.917,14.674,13.996,13.611,2.946,2.946,3.899,5.282,15.257,7.946,3.276,16.69,14.192,16.979,9.584,12.545,4.614,7.085,16.07,2.946,20.115,13.68,2.98,17.796,2.887,12.317,9.871,10.714,7.101,20.983,4.133,2.711,14.842,13.996,3.176,3.916,9.284,18.929,7.555,17.429,18.283,0.867,3.041,17.042,15.042,13.921,13.921,1.2,14.955,10.714,2.095,10.167,17.429,2.095,4.614,10.714,3.526,17.383,3.916,13.469,17.344,3.041,13.68,15.257,2.769,16.69,3.514,3.041,13.138,2.712,3.916,17.042,5.328,10.451,10.451,7.555,2.769,15.002,15.19,2.769,14.108,17.042,11.801,16.604
Armazém Santa Amélia,7.783,15.846,14.956,17.429,0.0,5.368,18.376,17.452,12.257,18.477,6.467,4.382,6.802,19.472,25.839,14.799,17.964,18.638,17.078,17.138,7.772,12.094,17.939,18.227,21.33,19.133,14.846,17.389,8.05,7.348,15.297,11.158,16.709,9.966,15.718,12.401,12.547,23.327,15.981,10.021,8.603,3.086,3.895,8.781,15.425,15.425,17.115,16.445,8.66,18.122,16.928,17.966,8.986,17.789,16.586,8.908,14.846,17.235,3.813,15.425,25.046,6.326,19.133,21.33,15.311,23.073,9.049,9.055,16.051,24.678,15.297,15.191,12.401,3.895,16.391,17.132,8.462,22.624,18.638,0.0,9.811,17.02,14.983,5.638,9.183,3.969,3.969,17.66,11.158,9.055,18.376,17.078,0.0,18.376,14.846,9.055,16.741,20.917,17.132,8.05,6.835,14.983,6.326,8.66,15.189,17.966,16.873,14.983,4.403,17.939,17.132,5.638,18.477,14.574,14.574,18.638,15.189,6.467,19.472,15.189,14.799,5.638,8.443,3.232
Avalanche Espeteria,4.372,15.047,13.141,14.018,5.368,0.0,14.784,13.86,17.157,13.938,2.769,1.649,3.057,18.958,27.137,16.097,19.262,15.045,18.376,18.436,3.29,17.321,14.347,19.525,22.628,15.541,14.827,13.797,4.071,2.464,11.704,16.014,18.007,6.373,12.126,13.699,13.845,24.625,13.271,6.429,10.014,3.081,1.579,4.927,11.833,11.833,13.523,17.595,14.123,14.53,13.336,20.458,3.546,20.746,17.884,4.93,14.827,12.696,7.555,11.833,21.453,1.62,15.541,22.628,11.719,24.371,5.457,5.463,17.201,25.976,11.704,11.598,13.699,1.579,12.799,13.54,4.87,23.922,15.045,5.314,13.553,13.428,13.278,9.38,13.908,1.654,1.654,14.068,16.014,5.463,14.784,18.376,5.314,14.784,14.827,5.463,13.149,22.215,13.54,4.071,3.123,13.278,1.62,14.123,12.146,20.458,13.281,13.278,2.177,14.347,13.54,9.38,13.938,15.872,15.872,15.045,12.146,2.769,18.958,12.146,16.097,9.38,6.265,6.593
Azougue Fogo e Bar,12.112,4.128,2.622,2.095,18.376,14.784,0.0,1.311,20.786,7.197,17.064,16.624,17.179,19.468,20.593,19.934,16.674,10.405,16.522,14.915,15.119,20.95,4.317,17.4,16.245,0.867,5.035,3.942,15.53,14.439,4.198,21.905,15.395,11.16,2.963,12.348,12.494,11.02,3.336,11.215,11.783,16.735,16.057,15.673,4.216,4.216,6.577,4.768,12.123,10.796,4.334,21.08,16.253,20.501,16.029,14.607,5.035,9.671,15.334,4.216,22.177,15.742,0.867,16.245,4.019,10.766,11.932,12.776,10.078,19.432,4.198,3.982,12.348,16.057,5.238,6.044,11.346,17.377,10.405,18.059,24.406,1.606,3.674,16.306,11.908,15.983,15.983,2.317,21.905,12.776,0.0,16.522,18.059,0.0,5.035,12.776,5.587,15.831,6.044,15.53,19.405,3.674,15.742,12.123,3.402,21.08,5.523,3.674,15.2,4.317,6.044,16.306,7.197,9.122,9.122,10.405,3.402,17.064,19.468,3.402,19.934,16.306,13.03,15.869
Baiuca,11.188,4.18,2.466,1.299,17.452,13.86,1.311,0.0,21.038,6.865,16.321,15.881,16.436,19.72,20.845,20.186,16.927,10.613,16.774,15.168,14.376,21.203,3.984,17.652,16.498,1.991,4.453,3.36,15.055,13.696,3.617,22.158,15.648,10.416,2.756,11.767,11.912,11.273,2.755,10.472,11.202,15.992,15.314,14.93,3.635,3.635,6.244,4.186,11.541,11.004,3.752,21.333,15.51,20.754,16.282,14.131,4.453,9.339,14.752,3.635,21.701,14.999,1.991,16.498,3.438,11.019,11.189,12.033,6.436,19.685,3.617,3.4,11.767,15.314,4.906,5.712,10.602,17.63,10.613,17.478,14.567,1.399,3.092,15.725,11.327,15.24,15.24,2.11,22.158,12.033,1.05,16.774,17.478,1.05,4.453,12.033,5.255,16.084,5.712,15.055,18.93,3.092,14.999,11.541,2.82,21.333,5.191,3.092,14.456,3.984,5.712,15.725,6.865,8.541,8.541,10.613,2.82,16.321,19.72,2.82,20.186,15.725,12.448,15.287
Bar Bambú,14.485,9.543,11.118,13.836,12.257,17.157,20.786,21.038,0.0,19.584,20.167,19.727,20.283,5.28,15.777,4.711,7.903,19.744,7.017,7.077,18.223,0.643,14.545,8.165,11.269,23.565,8.709,10.885,19.739,17.543,10.981,1.188,6.648,14.263,17.12,4.33,4.988,13.265,12.371,14.319,6.457,13.932,14.959,18.776,12.113,12.113,14.726,10.308,4.475,19.228,11.155,5.407,19.357,5.23,6.524,18.816,8.709,18.342,9.456,12.113,26.152,18.845,23.565,11.269,11.327,13.011,15.036,14.999,9.914,14.617,10.981,11.878,4.33,14.959,14.003,14.743,14.449,12.562,19.744,12.181,3.639,13.572,11.373,6.786,3.511,15.457,15.457,13.435,1.188,14.999,13.276,7.017,12.181,13.276,8.709,14.999,14.353,10.855,14.743,19.739,23.614,11.373,18.845,4.475,11.579,5.407,14.485,11.373,18.303,14.545,14.743,6.786,19.584,4.289,4.289,19.744,11.579,20.167,5.28,11.579,4.711,6.786,14.35,9.99
Bar Bendita Baderna,9.113,7.795,5.888,5.328,18.477,13.938,7.197,6.865,19.584,0.0,13.067,16.365,13.266,17.251,29.171,18.131,21.297,4.364,15.35,15.434,11.156,16.061,3.194,13.901,24.663,8.028,9.431,8.4,9.787,11.132,7.092,17.016,15.017,9.656,6.825,15.733,15.879,18.597,8.534,9.712,15.809,15.843,15.165,14.781,6.375,6.375,1.787,12.198,16.149,4.754,7.939,18.751,10.7,19.04,14.767,8.864,9.431,3.894,16.961,6.375,14.918,13.812,8.028,24.663,6.91,18.343,10.032,11.07,11.804,28.011,7.092,6.14,15.733,15.165,1.934,1.85,10.453,25.956,4.364,18.599,19.175,6.434,7.881,17.934,15.934,15.091,15.091,5.769,17.016,11.07,7.265,15.35,18.599,7.265,9.431,11.07,1.703,24.249,1.85,9.787,13.662,7.881,13.812,16.149,8.088,18.751,2.82,7.881,14.308,3.194,1.85,17.934,0.0,12.512,12.512,4.364,8.088,13.067,17.251,8.088,18.131,17.934,12.157,17.496
Bar da Cíntia,5.356,16.031,14.125,15.002,6.467,2.769,17.064,16.321,20.167,13.067,0.0,3.004,0.365,20.446,28.625,17.585,20.751,13.202,19.865,19.925,3.885,18.809,15.057,21.013,24.117,17.029,16.316,15.285,5.902,4.143,13.193,17.502,19.495,7.862,13.614,15.187,15.333,26.113,14.759,7.917,11.503,5.038,3.537,6.605,13.321,13.321,13.67,19.083,15.611,12.686,14.824,21.946,3.731,22.234,19.372,5.393,16.316,11.517,9.513,13.321,19.61,1.489,17.029,24.117,13.207,25.859,6.945,6.951,18.689,27.465,13.193,13.086,15.187,3.537,13.242,13.847,6.358,25.41,13.202,6.464,15.78,14.916,14.766,12.247,15.396,3.611,3.611,15.556,17.502,6.951,16.272,19.865,6.464,16.272,16.316,6.951,13.628,23.703,13.847,5.902,0.954,14.766,1.489,15.611,13.634,21.946,13.724,14.766,4.799,15.057,13.847,12.247,12.759,17.36,17.36,13.202,13.634,0.0,20.446,13.634,17.585,12.247,7.753,8.551
Bar da Fia,4.916,15.591,13.685,14.562,4.382,1.649,16.624,15.881,19.727,16.365,3.004,0.0,3.336,19.489,27.668,16.628,19.794,15.577,18.908,18.968,4.25,17.853,14.878,20.056,23.16,16.072,15.359,14.328,5.035,3.425,12.236,13.853,18.539,6.905,12.657,14.23,14.376,25.156,13.802,6.96,11.297,2.033,0.532,5.767,12.364,12.364,14.054,18.126,11.355,15.061,13.867,20.989,4.506,21.278,18.415,5.894,15.359,14.174,6.508,12.364,21.985,2.709,16.072,23.16,12.25,24.902,5.988,5.994,17.732,26.508,12.236,12.13,14.23,0.532,13.331,14.071,5.401,24.453,15.577,4.266,12.505,13.96,13.809,8.332,14.439,0.606,0.606,14.599,13.853,5.994,15.315,18.908,4.266,15.315,15.359,5.994,13.68,22.746,14.071,5.035,3.355,13.809,2.709,11.355,12.677,20.989,13.813,13.809,1.384,14.878,14.071,8.332,15.416,16.403,16.403,15.577,12.677,3.001,19.489,12.677,16.628,8.332,6.796,5.546
Bar da Lu,5.471,16.147,14.24,15.118,6.802,3.057,17.179,16.436,20.283,13.266,0.365,3.336,0.0,20.794,28.973,17.933,21.099,12.865,20.213,20.273,3.891,19.157,14.72,21.361,24.465,17.377,16.664,15.633,5.565,4.491,13.541,17.85,19.843,8.21,13.962,15.535,15.681,26.461,15.107,8.265,11.851,5.547,4.045,6.954,13.669,13.669,13.333,19.431,15.959,12.349,15.172,22.294,3.582,22.582,19.72,5.056,16.664,11.18,10.021,13.669,19.273,1.837,17.377,24.465,13.555,26.207,7.293,7.299,19.037,27.813,13.541,13.435,15.535,4.045,12.905,13.51,6.706,25.758,12.865,7.78,16.128,15.264,15.114,12.595,15.744,4.12,4.12,15.904,17.85,7.299,16.62,20.213,7.78,16.62,16.664,7.299,13.291,24.051,13.51,5.565,1.472,15.114,1.837,15.959,13.982,22.294,13.387,15.114,5.147,14.72,13.51,12.595,12.422,17.708,17.708,12.865,13.982,0.922,20.794,13.982,17.933,12.595,8.101,9.059
Bar da Silvânia,16.286,10.898,12.473,15.19,19.472,18.958,19.468,19.72,5.28,17.251,20.446,19.489,20.794,0.0,10.696,4.628,4.578,22.691,4.954,5.014,21.169,9.661,15.493,5.971,9.373,21.67,9.657,10.943,22.686,20.489,11.929,7.232,4.585,17.21,13.491,10.433,8.706,11.37,13.319,17.265,12.883,22.785,22.107,21.723,13.061,13.061,15.674,11.256,13.222,22.175,12.103,1.615,22.303,2.052,4.461,21.762,9.657,18.362,17.58,13.061,29.099,21.792,21.67,9.373,12.275,11.116,17.982,17.946,10.862,9.535,11.929,12.826,10.433,22.107,14.951,15.691,17.396,7.831,22.691,20.306,8.551,14.52,12.321,12.693,11.304,22.033,22.033,14.383,7.232,17.946,13.334,4.954,20.306,13.334,9.657,17.946,15.3,8.959,15.691,22.686,26.561,12.321,21.792,13.222,12.527,1.615,15.433,12.321,21.25,15.493,15.691,12.693,16.629,7.539,7.539,22.691,12.527,23.114,0.0,12.527,4.628,12.693,17.297,18.115
Bar do Bartolomeu,24.465,15.367,17.459,22.144,25.839,27.137,20.593,20.845,15.777,29.171,28.625,27.668,28.973,10.696,0.0,14.394,8.64,28.44,10.982,9.375,26.918,15.41,22.043,11.86,4.462,21.492,16.207,16.631,28.435,26.238,18.478,16.365,9.855,22.959,25.816,16.182,14.455,10.918,17.758,23.014,18.632,28.534,27.856,27.472,19.61,19.61,22.224,13.745,18.971,27.924,17.025,11.756,28.053,11.177,10.489,27.512,16.207,27.037,23.329,19.61,34.848,27.541,21.492,4.462,18.825,10.664,23.731,23.695,12.145,1.575,18.478,19.375,16.182,27.856,21.5,22.241,23.145,3.983,28.44,26.055,18.866,22.516,17.218,22.188,17.053,27.782,27.782,23.228,16.365,23.695,21.304,10.982,26.055,21.304,16.207,23.695,21.85,5.521,22.241,28.435,32.31,17.218,27.541,18.971,17.449,11.756,21.982,17.218,26.999,22.043,22.241,22.188,28.279,13.163,13.163,28.44,17.449,28.863,10.144,17.449,14.394,22.188,23.046,23.864
Bar do Bem,13.425,9.816,11.39,14.108,14.799,16.097,19.934,20.186,4.711,18.131,17.585,16.628,17.933,4.628,14.394,0.0,4.093,20.935,3.207,3.267,19.413,7.905,12.593,4.355,7.459,19.755,6.757,8.933,20.93,18.733,9.028,8.86,2.837,15.454,10.591,8.677,6.95,9.455,10.419,15.509,11.127,21.029,20.351,19.967,10.16,10.16,12.774,8.356,11.466,20.419,9.202,4.996,20.548,5.284,2.714,20.006,6.757,15.462,15.824,10.16,27.343,20.036,19.755,7.459,9.375,9.201,16.226,16.19,7.962,10.807,9.028,9.926,8.677,20.351,12.05,12.791,15.64,8.752,20.935,18.55,11.706,11.62,9.42,14.187,9.548,20.277,20.277,11.482,8.86,16.19,11.324,3.207,18.55,11.324,6.757,16.19,12.4,7.045,12.791,20.93,24.805,9.42,20.036,11.466,9.627,4.996,12.532,9.42,19.494,12.593,12.791,14.187,13.728,4.639,4.639,20.935,9.627,21.358,3.496,9.627,0.0,14.187,15.541,16.359
Bar do Kim,16.59,8.817,10.909,18.225,17.964,19.262,16.674,16.927,7.903,21.297,20.751,19.794,21.099,4.578,8.64,4.093,0.0,21.677,2.358,2.613,20.156,8.648,15.271,5.097,5.156,17.452,9.435,9.859,21.673,19.476,11.706,9.603,1.989,16.196,11.642,9.42,7.693,6.597,10.986,16.252,11.869,21.772,21.094,20.71,12.838,12.838,15.452,6.973,12.209,21.162,10.254,5.523,21.29,4.944,1.865,20.749,9.435,20.275,16.567,12.838,28.085,20.779,17.452,5.156,12.053,6.343,16.969,16.933,5.374,8.504,11.706,12.604,9.42,21.094,14.728,15.469,16.382,6.449,21.677,19.292,12.104,18.477,10.447,15.426,10.291,21.02,21.02,12.278,9.603,16.933,17.264,2.358,19.292,17.264,9.435,16.933,15.078,4.742,15.469,21.673,25.548,10.447,20.779,12.209,10.678,5.523,15.21,10.447,20.236,15.271,15.469,15.426,21.517,6.4,6.4,21.677,10.678,22.101,3.91,10.678,7.631,15.426,16.284,17.102
Bar do Nelson,9.557,9.998,8.092,7.555,18.638,15.045,10.405,10.613,19.744,4.364,13.202,15.577,12.865,22.691,28.44,20.935,21.677,0.0,19.088,19.148,9.833,18.032,6.384,15.08,23.34,11.262,10.61,9.579,8.464,9.809,8.272,16.725,18.718,8.333,8.004,14.41,14.556,19.776,9.713,8.388,14.486,14.52,13.842,13.458,7.554,7.554,5.573,13.377,14.825,0.474,9.118,21.169,9.377,21.457,18.595,7.541,10.61,1.254,15.638,7.554,10.771,12.489,11.262,23.34,8.089,19.522,8.708,9.747,12.983,26.688,8.272,7.319,14.41,13.842,5.106,5.04,9.13,24.633,0.0,17.275,17.851,9.149,9.06,16.611,14.611,13.768,13.768,9.946,16.725,9.747,10.655,19.088,17.275,10.655,10.61,9.747,5.631,22.926,5.04,8.464,12.339,9.06,12.489,14.825,9.267,21.169,6.01,9.06,12.984,6.384,5.04,16.611,3.952,13.691,13.691,0.0,9.267,11.744,19.669,9.267,16.808,16.611,10.834,16.173
Bar do Primo,15.704,6.544,8.636,10.167,17.078,18.376,16.522,16.774,7.017,15.35,19.865,18.908,20.213,4.954,10.982,3.207,2.358,19.088,0.0,3.288,16.192,4.691,12.197,1.145,10.233,11.851,6.361,8.548,17.709,15.512,8.632,5.646,2.87,12.233,15.09,4.067,3.736,12.229,10.023,12.288,7.906,17.809,17.13,16.746,9.764,9.764,12.378,7.959,8.245,17.198,8.806,7.284,17.327,7.573,2.621,16.786,6.361,16.311,12.604,9.764,24.122,16.815,11.851,10.233,8.979,11.975,13.006,12.969,7.566,13.581,8.632,9.529,4.067,17.13,11.654,12.394,12.419,11.526,17.714,15.329,8.147,11.224,9.024,13.916,6.32,17.056,17.056,11.086,5.646,12.969,10.939,0.0,15.329,10.939,6.361,12.969,12.004,9.819,12.394,17.709,21.584,9.024,16.815,8.245,9.23,7.284,12.136,9.024,16.273,12.197,12.394,13.916,17.554,2.444,2.444,17.714,9.23,18.137,5.784,9.23,3.675,13.916,12.32,13.138
Bar do Regis,15.764,6.628,8.721,16.466,17.138,18.436,14.915,15.168,7.077,15.434,19.925,18.968,20.273,5.014,9.375,3.267,2.613,19.148,3.288,0.0,17.713,6.205,15.124,2.654,5.784,18.08,7.87,7.766,19.229,17.033,10.141,7.16,0.609,13.753,16.61,6.977,5.249,7.781,8.893,13.809,9.426,19.329,18.651,18.267,13.046,13.046,15.301,7.511,9.766,18.718,8.16,6.335,18.847,5.756,1.284,18.306,7.87,17.832,14.124,13.046,25.642,18.336,18.08,5.784,10.488,7.527,14.526,14.489,6.326,9.132,10.141,12.811,6.977,18.651,14.578,15.318,13.939,7.077,19.234,16.849,9.661,10.327,8.354,12.983,7.847,18.576,18.576,10.184,7.16,14.489,10.157,1.776,16.849,10.157,7.87,14.489,14.928,5.37,15.318,19.229,23.104,8.354,18.336,9.766,8.585,6.335,15.06,8.354,17.793,15.124,15.318,12.983,19.074,3.957,3.957,19.234,8.585,19.657,4.722,8.585,5.188,12.983,13.841,14.658
Bar do Romeu,3.411,14.086,12.18,13.058,7.772,3.29,15.119,14.376,18.223,11.156,3.885,4.25,3.891,21.169,26.918,19.413,20.156,9.833,16.192,17.713,0.0,18.263,12.492,20.466,23.57,16.483,15.769,14.739,1.865,0.924,12.646,16.956,18.949,7.315,13.067,14.641,14.787,25.567,14.213,7.371,10.956,4.856,3.976,3.33,12.775,12.775,11.105,18.536,15.064,10.122,14.277,21.399,0.537,21.688,18.825,2.602,15.769,8.952,9.513,12.775,17.046,3.36,16.483,23.57,12.66,25.313,6.398,6.405,18.143,26.918,12.646,12.54,14.641,3.976,10.677,11.283,5.811,24.863,10.638,7.688,15.234,14.37,14.22,11.701,14.85,4.05,4.05,15.01,16.956,6.405,15.726,19.318,7.688,15.726,15.769,6.405,11.063,23.156,11.283,1.865,4.334,14.22,3.36,15.064,13.087,21.399,11.159,14.22,3.888,12.492,11.283,11.701,10.194,16.813,16.813,10.638,13.087,3.594,19.899,13.087,17.038,11.701,7.206,8.551
Bar dos Meninos,14.649,9.708,11.283,14.0,12.094,17.321,20.95,21.203,0.643,16.061,18.809,17.853,19.157,9.661,15.41,7.905,8.648,18.032,4.691,6.205,18.263,0.0,14.71,8.329,11.433,23.73,8.874,11.05,19.904,17.707,11.145,1.029,6.812,14.427,17.285,4.171,4.829,13.43,12.536,14.483,6.298,13.773,14.799,18.941,12.277,12.277,14.891,10.473,4.315,19.393,11.319,5.571,19.521,5.395,6.689,18.98,8.874,18.506,9.296,12.277,26.317,19.01,23.73,11.433,11.492,13.176,15.2,15.164,10.079,14.781,11.145,12.042,4.171,14.799,14.167,14.908,14.613,12.727,19.909,12.022,3.48,13.737,11.537,6.627,3.351,15.298,15.298,13.599,1.029,15.164,13.441,7.181,12.022,13.441,8.874,15.164,14.517,11.02,14.908,19.904,23.779,11.537,19.01,4.315,11.744,5.571,14.649,11.537,18.467,14.71,14.908,6.627,19.748,4.454,4.454,19.909,11.744,20.332,5.445,11.744,4.875,6.627,14.515,9.831
Bar Du Du,11.674,5.642,3.317,2.712,17.939,14.347,4.317,3.984,14.545,3.194,15.057,14.878,14.72,15.493,22.043,12.593,15.271,6.384,12.197,15.124,12.492,14.71,0.0,11.636,23.567,5.497,7.166,6.136,11.265,12.174,3.93,14.752,12.752,8.894,2.849,14.638,14.784,15.066,4.854,8.95,14.714,14.47,13.792,13.408,3.362,3.362,1.426,9.933,15.053,6.388,5.674,16.487,13.988,16.775,12.503,10.341,7.166,5.527,15.866,3.362,17.911,13.477,5.497,23.567,3.464,14.812,9.667,10.511,9.54,26.915,3.93,3.127,14.638,13.792,1.85,1.443,9.08,24.861,5.997,17.225,18.079,3.361,3.809,16.838,14.838,13.717,13.717,3.123,14.752,10.511,4.734,13.085,17.225,4.734,7.166,10.511,1.264,23.154,1.443,11.265,15.14,3.809,13.477,15.053,3.537,16.487,1.146,3.809,12.934,0.0,1.443,16.838,3.009,10.247,10.247,5.997,3.537,14.545,14.987,3.537,13.904,16.838,11.597,16.4
Bar e Restaurante Bom Sabor,16.852,5.45,7.542,11.84,18.227,19.525,17.4,17.652,8.165,13.901,21.013,20.056,21.361,5.971,11.86,4.355,5.097,15.08,1.145,2.654,20.466,8.329,11.636,0.0,9.79,10.706,5.216,7.403,17.266,15.07,7.487,5.204,2.282,11.79,9.049,3.624,3.293,10.783,8.878,11.846,7.463,17.366,16.688,16.303,8.619,8.619,11.232,6.814,7.803,16.755,7.661,6.841,16.884,7.13,2.033,16.343,5.216,15.869,12.161,8.619,23.679,16.373,10.706,9.79,7.833,10.529,12.563,12.526,6.42,10.279,7.487,8.384,3.624,16.688,10.509,11.249,11.976,8.574,17.271,14.886,7.705,10.079,7.879,13.473,5.878,16.613,16.613,9.941,5.204,12.526,9.794,2.616,14.886,9.794,5.216,12.526,10.859,9.376,11.249,17.266,21.141,7.879,16.373,7.803,8.085,6.841,10.991,7.879,15.83,11.052,11.249,13.473,12.187,2.001,2.001,17.271,8.085,17.694,5.341,8.085,3.232,13.473,11.878,12.695
Bar e Restaurante do Joãozinho,19.956,12.183,14.275,17.796,21.33,22.628,16.245,16.498,11.269,24.663,24.117,23.16,24.465,9.373,4.462,7.459,5.156,23.34,10.233,5.784,23.57,11.433,23.567,9.79,0.0,15.33,12.375,12.799,24.603,22.406,14.646,12.534,6.023,19.127,21.984,12.351,10.623,7.086,13.926,19.182,14.8,24.703,24.024,23.64,15.778,15.778,18.392,9.913,15.139,24.092,13.193,9.07,24.221,8.491,6.657,23.68,12.375,23.205,19.498,15.778,31.016,23.709,15.33,0.0,14.993,6.832,19.9,19.863,8.313,3.139,14.646,15.543,12.351,24.024,17.668,18.409,19.313,2.329,24.608,22.223,15.035,16.355,13.386,18.356,13.221,23.95,23.95,17.066,12.534,19.863,15.142,7.15,22.223,15.142,12.375,19.863,18.018,1.63,18.409,24.603,28.478,13.386,23.709,15.139,13.617,9.07,18.15,13.386,23.167,18.211,18.409,18.356,24.448,9.331,9.331,24.608,13.617,25.031,7.457,13.617,10.562,18.356,19.214,20.032
Bar Estabelecimento,12.869,5.04,3.534,2.98,19.133,15.541,0.867,1.991,23.565,8.028,17.029,16.072,17.377,21.67,21.492,19.755,17.452,11.262,11.851,18.08,16.483,23.73,5.497,10.706,15.33,0.0,4.91,3.817,15.512,14.299,4.074,21.781,15.271,11.019,3.359,12.224,12.369,10.895,3.212,11.075,11.659,16.595,15.917,15.533,4.092,4.092,7.183,4.643,11.998,11.461,4.209,20.956,16.113,20.377,15.905,14.588,4.91,10.6,15.209,4.092,22.158,15.602,0.0,16.12,3.895,10.641,11.792,12.636,9.953,19.308,4.074,3.857,12.224,15.917,5.844,6.65,11.205,17.253,11.07,17.935,24.282,2.002,3.549,16.182,11.784,15.843,15.843,2.713,21.781,12.636,0.789,16.397,17.935,0.789,4.91,12.636,6.194,15.707,6.65,15.512,19.387,3.549,15.602,11.998,3.277,20.956,6.129,3.549,15.059,4.923,6.65,16.182,7.803,8.998,8.998,11.07,3.277,16.924,19.343,3.277,19.809,16.182,12.905,15.744
Bar Junto Juntinho,12.155,1.24,3.083,4.614,14.846,14.827,5.035,4.453,8.709,9.431,16.316,15.359,16.664,9.657,16.207,6.757,9.435,10.61,6.361,7.87,15.769,8.874,7.166,5.216,12.375,4.91,0.0,2.229,14.956,15.253,3.611,8.705,5.333,11.581,4.012,6.417,6.794,9.118,3.356,12.029,7.36,16.534,16.871,16.486,4.301,4.301,7.356,2.994,7.699,10.905,1.624,10.44,17.067,10.728,5.084,14.032,0.0,10.044,12.058,4.301,23.862,16.556,5.532,11.305,3.957,8.864,12.746,12.71,2.6,13.329,3.611,4.067,6.417,16.871,6.633,7.373,12.159,11.624,10.514,14.783,11.206,4.79,2.817,10.917,7.485,16.796,16.796,4.648,8.705,12.71,4.62,5.666,14.783,4.62,0.0,12.71,6.983,10.891,7.373,14.956,18.831,2.817,16.556,7.699,3.048,10.44,7.115,2.817,16.013,6.134,7.373,10.917,8.311,4.2,4.2,10.514,3.048,17.877,8.94,3.048,7.858,10.917,12.061,12.592
Bar Mania Mineira,11.125,1.737,1.849,3.273,17.389,13.797,3.942,3.36,10.885,8.4,15.285,14.328,15.633,10.943,16.631,8.933,9.859,9.579,8.548,7.766,14.739,11.05,6.136,7.403,12.799,3.817,2.229,0.0,13.255,12.222,1.896,10.112,6.74,8.942,2.335,7.823,8.202,10.525,1.884,8.998,8.766,14.518,13.84,13.455,2.625,2.625,5.655,2.632,9.105,9.204,0.392,11.847,14.036,12.135,6.491,12.331,1.52,8.344,13.396,2.625,19.901,13.524,4.727,12.712,2.242,10.271,9.715,10.558,4.007,14.736,1.896,2.39,7.823,13.84,4.932,5.672,9.128,13.032,8.813,16.121,12.613,3.114,1.14,14.368,8.891,13.765,13.765,2.971,10.112,10.558,3.815,7.074,16.121,3.815,1.52,10.558,5.282,12.299,5.672,13.255,17.13,1.14,13.524,9.105,1.371,11.847,5.414,1.14,12.982,4.457,5.672,14.368,6.61,5.608,5.608,8.813,1.371,14.846,10.347,1.371,9.265,14.368,11.092,13.931
Bar Pompéu,3.689,14.44,12.533,13.469,8.05,4.071,15.53,15.055,19.739,9.787,5.902,5.035,5.565,22.686,28.435,20.93,21.673,8.464,17.709,19.229,1.865,19.904,11.265,17.266,24.603,15.512,14.956,13.255,0.0,1.742,11.731,16.092,18.085,6.929,11.463,13.777,13.923,24.703,13.172,6.985,13.853,5.224,4.546,3.621,11.014,11.014,9.508,16.837,14.192,8.525,12.578,20.536,1.565,20.824,17.962,1.254,14.069,7.355,9.804,11.014,15.448,4.179,14.722,22.706,11.548,24.449,6.013,6.019,16.443,26.054,11.731,10.779,13.777,4.546,9.08,9.685,5.426,24.0,9.04,7.979,17.218,12.609,12.52,11.315,13.977,4.471,4.471,13.406,16.092,6.019,14.122,18.454,7.979,14.122,14.069,6.019,9.466,22.292,9.685,0.0,5.452,12.52,4.179,14.192,12.726,20.536,9.562,12.52,3.688,10.895,9.685,11.315,8.597,15.949,15.949,9.04,12.726,4.711,19.036,12.726,16.174,11.315,6.821,8.841
Bar Stella,2.731,13.406,11.5,12.378,7.348,2.464,14.439,13.696,17.543,11.132,4.143,3.425,4.491,20.489,26.238,18.733,19.476,9.809,15.512,17.033,0.924,17.707,12.174,15.07,22.406,14.299,15.253,12.222,1.742,0.0,11.34,15.65,17.643,6.009,11.761,13.335,13.481,24.261,12.907,6.065,9.65,4.03,3.15,2.941,11.469,11.469,11.081,17.23,13.758,10.098,12.971,20.094,1.503,20.382,17.52,2.578,14.463,8.929,8.758,11.469,17.022,2.534,15.177,22.264,11.354,24.007,5.092,5.099,16.837,25.612,11.34,11.234,13.335,3.15,10.654,11.259,4.505,23.557,10.614,6.933,13.928,13.064,12.914,10.395,13.544,3.225,3.225,13.704,15.65,5.099,14.42,18.012,6.933,14.42,14.463,5.099,11.04,21.85,11.259,1.74,4.597,12.914,2.534,13.758,11.781,20.094,11.136,12.914,3.063,13.982,11.259,10.395,10.171,15.507,15.507,10.614,11.781,3.856,18.593,11.781,15.732,10.395,5.9,7.795
Bar Temático Sta. Teresa,9.032,3.08,1.095,4.133,15.297,11.704,4.198,3.617,10.981,7.092,13.193,12.236,13.541,11.929,18.478,9.028,11.706,8.272,8.632,10.141,12.646,11.145,3.93,7.487,14.646,4.074,3.611,1.896,11.731,11.34,0.0,11.695,9.695,7.678,2.793,8.702,8.848,13.276,1.962,7.733,8.138,13.253,12.575,12.191,1.757,1.757,4.391,6.877,8.477,7.94,2.112,13.43,12.771,13.718,9.446,11.067,3.45,7.079,11.688,1.757,18.637,12.26,4.497,15.667,0.899,13.022,8.45,10.033,6.483,17.691,0.0,1.523,8.702,12.575,3.668,4.408,7.864,15.521,7.549,14.414,11.503,3.163,0.963,12.661,8.262,12.501,12.501,3.025,11.695,10.033,3.585,10.029,14.414,3.585,3.45,10.033,4.017,15.253,4.408,11.99,15.865,0.963,12.26,8.477,1.17,13.43,4.15,0.963,11.718,4.21,4.408,12.661,5.346,7.19,7.19,7.549,1.17,13.582,11.93,1.17,10.848,12.661,9.384,12.223
Barrigudinha Buteco,13.342,10.663,12.238,14.955,11.158,16.014,21.905,22.158,1.188,17.016,17.502,13.853,17.85,7.232,16.365,8.86,9.603,16.725,5.646,7.16,16.956,1.029,14.752,5.204,12.534,21.781,8.705,10.112,16.092,15.65,11.695,0.0,7.786,11.8,11.232,3.466,4.123,14.403,11.118,12.247,5.363,12.838,13.864,16.705,10.82,10.82,13.076,11.446,3.38,17.157,12.293,5.771,17.285,5.594,7.662,16.744,9.848,16.27,8.361,10.82,24.081,16.774,24.703,12.407,12.465,14.149,12.964,11.266,11.052,15.755,12.119,10.586,3.466,13.864,12.352,13.093,12.377,13.7,17.673,11.086,2.544,12.319,10.119,5.692,2.646,14.362,14.362,12.181,0.0,11.266,14.414,8.155,11.086,14.414,9.848,11.266,12.702,11.993,13.093,17.668,21.543,10.119,16.774,3.38,10.325,5.771,12.834,10.119,14.155,12.898,13.093,5.692,17.512,5.427,5.427,17.673,10.325,18.096,5.644,10.325,5.849,5.692,10.469,8.895
Barzim dos amigos,15.335,6.211,8.303,16.946,16.709,18.007,15.395,15.648,6.648,15.017,19.495,18.539,19.843,4.585,9.855,2.837,1.989,18.718,2.87,0.609,18.949,6.812,12.752,2.282,6.023,15.271,5.333,6.74,18.085,17.643,9.695,7.786,0.0,14.224,8.97,7.448,5.72,7.137,8.314,14.279,9.897,19.799,19.121,18.737,13.516,13.516,15.772,6.933,10.236,19.189,7.582,6.806,19.318,6.227,1.754,18.777,6.3,18.302,14.594,13.516,26.113,18.806,10.49,6.22,9.769,6.883,14.997,14.96,5.747,9.568,9.423,13.282,7.448,19.121,15.048,15.789,14.41,7.514,19.705,17.32,10.131,9.749,7.775,13.453,8.318,19.047,19.047,9.606,7.63,14.96,9.578,2.247,17.32,9.578,6.3,14.96,15.398,5.807,15.789,19.7,23.575,7.775,18.806,10.236,8.006,6.806,15.53,7.775,18.264,11.092,15.789,13.453,19.545,4.428,4.428,19.705,8.006,20.128,5.193,8.006,5.659,13.453,14.311,15.129
Bazin Bar,3.701,10.127,8.22,9.098,9.966,6.373,11.16,10.416,14.263,9.656,7.862,6.905,8.21,17.21,22.959,15.454,16.196,8.333,12.233,13.753,7.315,14.427,8.894,11.79,19.127,11.019,11.581,8.942,6.929,6.009,7.678,11.8,14.224,0.0,7.143,8.716,8.862,19.642,8.288,0.141,8.8,7.545,6.867,6.483,6.85,6.85,8.54,12.612,9.14,9.547,8.353,15.475,7.064,15.763,12.901,7.065,9.844,8.66,7.099,6.85,16.47,6.552,10.558,17.645,6.736,19.388,2.742,1.713,12.218,20.993,6.721,6.615,8.716,6.867,7.816,8.557,2.156,18.939,10.062,10.301,12.166,8.445,8.295,8.072,8.925,6.793,6.793,9.085,11.031,1.713,9.801,13.393,10.301,9.801,9.844,1.713,8.166,17.232,8.557,6.207,8.615,8.295,6.552,9.14,7.163,15.475,8.298,8.295,6.01,9.364,8.557,8.072,9.902,10.889,10.889,10.062,7.163,7.874,13.975,7.163,11.114,8.072,3.213,7.634
Beco Restaurante,9.453,3.52,1.195,1.846,15.718,12.126,2.963,2.756,17.12,6.825,13.614,12.657,13.962,13.491,25.816,10.591,11.642,8.004,15.09,16.61,13.067,17.285,2.849,9.049,21.984,3.359,4.012,2.335,11.463,11.761,2.793,11.232,8.97,7.143,0.0,13.359,13.505,13.189,1.778,7.671,10.028,13.191,12.513,12.128,1.477,1.477,3.472,4.404,10.367,7.935,2.631,14.865,12.709,15.154,10.881,11.062,3.969,7.074,14.587,1.477,18.632,12.197,3.598,22.288,1.417,12.935,8.388,9.232,7.918,21.601,2.308,1.242,13.359,12.513,2.749,3.489,7.801,19.546,7.544,15.946,13.393,1.485,1.61,15.559,10.153,12.438,12.438,1.659,13.131,9.232,2.636,11.464,15.946,2.636,3.969,9.232,3.099,21.874,3.489,11.986,15.861,1.61,12.197,10.367,1.338,14.865,3.086,1.61,11.655,2.498,3.489,15.559,4.9,8.626,8.626,7.544,1.338,13.519,13.365,1.338,12.283,15.559,10.318,15.121
Benjamin Bar,11.027,7.481,9.245,14.842,12.401,13.699,12.348,11.767,4.33,15.733,15.187,14.23,15.535,10.433,16.182,8.677,9.42,14.41,4.067,6.977,14.641,4.171,14.638,3.624,12.351,12.224,6.417,7.823,13.777,13.335,8.702,3.466,7.448,8.716,13.359,0.0,0.777,11.562,8.438,10.355,4.882,13.598,15.197,14.813,8.141,8.141,10.397,8.818,4.14,15.265,9.665,7.386,15.394,7.674,4.82,14.852,7.22,14.378,9.121,8.141,22.189,14.882,21.861,9.565,9.838,11.308,11.072,11.036,8.425,12.913,9.491,7.906,0.0,15.197,9.673,10.413,10.486,10.858,15.781,11.847,5.305,9.639,7.439,6.815,2.837,15.123,15.123,9.502,3.458,11.036,11.786,5.313,11.847,11.786,7.22,11.036,10.023,9.151,10.413,15.776,19.651,7.439,14.882,4.14,7.646,7.386,10.155,7.439,14.34,10.219,10.413,6.815,15.62,2.799,2.799,15.781,7.646,16.204,5.885,7.646,3.024,6.815,10.387,9.656
Boteco 86,11.173,9.134,9.391,14.987,12.547,13.845,12.494,11.912,4.988,15.879,15.333,14.376,15.681,8.706,14.455,6.95,7.693,14.556,3.736,5.249,14.787,4.829,14.784,3.293,10.623,12.369,6.794,8.202,13.923,13.481,8.848,4.123,5.72,8.862,13.505,0.777,0.0,11.262,10.582,12.529,5.303,14.02,17.371,16.987,10.323,10.323,12.937,8.519,4.562,17.439,9.365,7.086,17.567,7.374,4.521,17.026,6.92,16.552,9.543,10.323,24.363,17.056,21.562,9.265,9.538,11.008,13.246,13.21,8.125,12.613,9.191,10.088,0.742,17.371,12.213,12.954,12.659,10.559,17.955,12.268,5.727,11.783,9.583,7.236,3.258,17.297,17.297,11.645,4.905,13.21,11.487,5.013,12.268,11.487,6.92,13.21,12.563,8.852,12.954,17.95,21.825,9.583,17.056,4.562,9.79,7.086,12.695,9.583,16.514,12.756,12.954,7.236,17.794,2.5,2.5,17.955,9.79,18.378,5.586,9.79,2.725,7.236,12.561,10.077
Botequim Buritis,21.953,7.427,13.298,12.571,23.327,24.625,11.02,11.273,13.265,18.597,26.113,25.156,26.461,11.37,10.918,9.455,6.597,19.776,12.229,7.781,25.567,13.43,15.066,10.783,7.086,10.895,9.118,10.525,24.703,24.261,13.276,14.403,7.137,19.642,13.189,11.562,11.262,0.0,9.286,19.564,15.182,25.084,24.406,24.022,11.034,11.034,21.057,6.655,15.521,24.474,9.611,12.09,24.603,11.511,7.039,24.062,7.793,23.587,19.879,11.034,31.398,24.091,9.81,7.255,16.243,0.182,20.281,20.245,6.041,10.442,15.897,10.799,12.732,24.406,20.333,21.074,19.695,8.387,24.99,22.605,15.416,10.835,9.744,18.738,13.603,24.332,24.332,11.546,12.915,20.245,9.622,7.532,22.605,9.622,7.793,20.245,20.683,6.841,21.074,24.985,28.86,9.744,24.091,15.521,10.039,12.09,20.815,9.744,23.549,13.756,21.074,18.738,24.829,9.713,9.713,24.99,10.039,25.413,10.478,10.039,10.944,18.738,19.596,20.414
Botequim de Lourdes,10.599,2.865,0.999,2.422,15.981,13.271,3.336,2.755,12.371,8.534,14.759,13.802,15.107,13.319,17.758,10.419,10.986,9.713,10.023,8.893,14.213,12.536,4.854,8.878,13.926,3.212,3.356,1.884,13.172,12.907,1.962,11.118,8.314,8.288,1.778,8.438,10.582,9.286,0.0,9.082,8.885,14.602,13.924,13.54,2.71,2.71,5.74,2.835,9.224,9.288,1.166,13.677,14.12,13.966,7.474,12.416,2.503,8.428,13.481,2.71,19.986,13.609,4.941,13.696,2.327,9.155,9.799,10.643,4.991,15.72,1.98,2.475,7.865,13.924,5.016,5.757,9.212,14.015,8.898,16.206,12.25,3.033,1.225,14.453,9.01,13.85,13.85,2.891,11.942,10.643,4.029,8.057,16.206,4.029,2.503,10.643,5.366,13.282,5.757,13.339,17.214,1.225,13.609,9.224,1.456,13.677,5.498,1.225,13.066,4.542,5.757,14.453,6.694,7.438,7.438,8.898,1.456,14.931,12.177,1.456,11.095,14.453,11.176,14.015
Buteco do Lili,3.757,10.182,8.276,9.154,10.021,6.429,11.215,10.472,14.319,9.712,7.917,6.96,8.265,17.265,23.014,15.509,16.252,8.388,12.288,13.809,7.371,14.483,8.95,11.846,19.182,11.075,12.029,8.998,6.985,6.065,7.733,12.247,14.279,0.141,7.671,10.355,12.529,19.564,9.082,0.0,8.856,7.601,6.923,6.539,6.906,6.906,8.595,12.667,9.195,9.602,8.408,15.531,7.119,15.819,12.957,7.121,9.9,8.716,7.24,6.906,16.526,6.608,10.614,17.701,6.791,19.444,2.798,1.706,12.274,21.049,6.777,6.671,8.772,6.923,7.872,8.612,2.211,18.994,10.118,10.356,12.221,8.501,8.351,8.212,8.981,6.849,6.849,9.141,11.087,1.706,9.857,13.449,10.356,9.857,9.9,1.706,8.222,17.287,8.612,6.263,8.671,8.351,6.608,9.195,7.218,15.531,8.354,8.351,6.065,9.419,8.612,8.212,9.958,10.944,10.944,10.118,7.218,7.93,14.03,7.218,11.169,8.212,3.354,7.774
Buteco do Rod,11.111,8.423,8.68,14.917,8.603,10.014,11.783,11.202,6.457,15.809,11.503,11.297,11.851,12.883,18.632,11.127,11.869,14.486,7.906,9.426,10.956,6.298,14.714,7.463,14.8,11.659,7.36,8.766,13.853,9.65,8.138,5.363,9.897,8.8,10.028,4.882,5.303,15.182,8.885,8.856,0.0,9.983,11.009,14.724,9.217,9.217,11.472,8.911,1.69,15.175,9.664,11.626,15.304,11.914,9.052,14.763,7.312,14.289,5.506,9.217,22.099,14.793,12.049,13.796,9.102,15.539,10.983,6.437,8.517,17.144,9.011,8.982,4.867,11.009,10.749,11.489,10.396,15.089,15.691,8.232,4.916,10.715,8.515,3.697,2.326,11.507,11.507,10.577,5.334,6.437,11.137,9.544,8.232,11.137,7.312,6.437,11.098,13.382,11.489,15.686,19.561,8.515,14.793,1.69,8.721,11.626,11.231,8.515,11.3,11.295,11.489,3.697,15.531,7.039,7.039,15.691,8.721,16.115,10.125,8.721,7.264,3.697,5.64,6.041
Buteco Tô D’Boa,5.027,15.702,13.796,14.674,3.086,3.081,16.735,15.992,13.932,15.843,5.038,2.033,5.547,22.785,28.534,21.029,21.772,14.52,17.809,19.329,4.856,13.773,14.47,17.366,24.703,16.595,16.534,14.518,5.224,4.03,13.253,12.838,19.799,7.545,13.191,13.598,14.02,25.084,14.602,7.601,9.983,0.0,1.437,6.742,12.497,12.497,14.187,18.259,9.733,15.194,14.0,21.122,6.947,18.862,18.548,6.869,15.492,14.307,4.886,12.497,22.118,3.973,16.205,23.293,12.383,25.035,6.121,6.127,17.865,26.641,12.369,12.263,14.363,1.437,13.463,14.204,5.534,24.586,15.71,3.061,10.884,14.092,13.942,6.711,10.256,1.511,1.511,14.732,12.231,6.127,15.448,19.041,3.061,15.448,15.492,6.127,13.813,22.879,14.204,6.011,5.93,13.942,3.973,9.733,12.81,21.122,13.945,13.942,1.6,15.011,14.204,6.711,15.549,16.536,16.536,15.71,12.81,5.141,19.622,12.81,16.761,6.711,6.929,3.924
Buteco’s Bar,4.349,15.024,13.118,13.996,3.895,1.579,16.057,15.314,14.959,15.165,3.537,0.532,4.045,22.107,27.856,20.351,21.094,13.842,17.13,18.651,3.976,14.799,13.792,16.688,24.024,15.917,16.871,13.84,4.546,3.15,12.575,13.864,19.121,6.867,12.513,15.197,17.371,24.406,13.924,6.923,11.009,1.437,0.0,5.235,11.743,11.743,13.433,17.505,10.77,14.44,13.246,20.368,4.388,20.657,17.794,5.362,14.738,13.553,5.923,11.743,21.364,2.591,15.451,22.539,11.629,24.281,5.367,5.373,17.111,25.887,11.615,11.509,13.609,0.0,12.71,13.45,4.78,23.832,14.956,3.879,11.92,13.339,13.188,7.747,11.293,0.074,0.074,13.978,13.268,5.373,14.694,18.287,3.879,14.694,14.738,5.373,13.059,22.125,13.45,4.504,3.884,13.188,2.591,10.77,12.056,20.368,13.192,13.188,0.853,14.257,13.45,7.747,14.795,15.782,15.782,14.956,12.056,3.53,18.868,12.056,16.007,7.747,6.175,4.961
Butiquim On Cê Tá?,3.965,14.64,12.734,13.611,8.781,4.927,15.673,14.93,18.776,14.781,6.605,5.767,6.954,21.723,27.472,19.967,20.71,13.458,16.746,18.267,3.33,18.941,13.408,16.303,23.64,15.533,16.486,13.455,3.621,2.941,12.191,16.705,18.737,6.483,12.128,14.813,16.987,24.022,13.54,6.539,14.724,6.742,5.235,0.0,13.123,13.123,12.971,18.885,15.413,11.988,14.626,21.748,3.912,22.037,19.174,4.468,16.118,10.819,10.538,13.123,18.912,4.99,16.831,23.919,13.009,25.661,6.747,6.753,18.491,27.267,12.995,12.889,14.989,5.28,12.544,13.149,6.16,25.212,12.504,8.713,15.582,14.718,14.568,12.049,15.198,5.205,5.205,15.358,17.304,6.753,16.074,19.667,8.713,16.074,16.118,6.753,12.93,23.505,13.149,3.61,7.053,14.568,4.99,15.413,13.436,21.748,13.026,14.568,4.422,14.359,13.149,12.049,12.061,17.162,17.162,12.504,13.436,6.312,20.248,13.436,17.387,12.049,7.555,9.576
Café Bahia,9.161,3.81,1.485,2.946,15.425,11.833,4.216,3.635,12.113,6.375,13.321,12.364,13.669,13.061,19.61,10.16,12.838,7.554,9.764,13.046,12.775,12.277,3.362,8.619,15.778,4.092,4.301,2.625,11.014,11.469,1.757,10.82,13.516,6.85,1.477,8.141,10.323,11.034,2.71,6.906,9.217,12.497,11.743,13.123,0.0,0.0,3.652,4.514,10.104,8.115,2.742,15.045,12.889,15.334,9.05,11.242,4.079,7.254,14.767,0.0,18.812,12.377,3.708,18.525,1.302,13.045,8.568,9.411,8.098,21.712,2.179,1.265,13.539,12.692,2.929,3.669,7.981,19.657,7.724,16.126,13.13,1.595,1.72,15.739,9.889,12.618,12.618,1.522,13.31,9.411,2.823,9.633,16.126,2.823,4.079,9.411,3.278,18.111,3.669,12.165,16.04,1.72,12.377,10.104,1.448,15.045,3.266,1.72,11.835,2.678,3.669,15.739,5.08,8.806,8.806,7.724,1.448,13.699,13.545,1.448,12.463,15.739,10.498,15.301
Café Palhares,9.161,3.81,1.485,2.946,15.425,11.833,4.216,3.635,12.113,6.375,13.321,12.364,13.669,13.061,19.61,10.16,12.838,7.554,9.764,13.046,12.775,12.277,3.362,8.619,15.778,4.092,4.301,2.625,11.014,11.469,1.757,10.82,13.516,6.85,1.477,8.141,10.323,11.034,2.71,6.906,9.217,12.497,11.743,13.123,0.0,0.0,3.652,4.514,10.104,8.115,2.742,15.045,12.889,15.334,9.05,11.242,4.079,7.254,14.767,0.0,18.812,12.377,3.708,18.525,1.302,13.045,8.568,9.411,8.098,21.712,2.179,1.265,13.539,12.692,2.929,3.669,7.981,19.657,7.724,16.126,13.13,1.595,1.72,15.739,9.889,12.618,12.618,1.522,13.31,9.411,2.823,9.633,16.126,2.823,4.079,9.411,3.278,18.111,3.669,12.165,16.04,1.72,12.377,10.104,1.448,15.045,3.266,1.72,11.835,2.678,3.669,15.739,5.08,8.806,8.806,7.724,1.448,13.699,13.545,1.448,12.463,15.739,10.498,15.301
